9725282576568649908039290085320397344
19537401906104173685900688418449766922
84403460807961223020766418337212545
26577686223434970914903831662091433823
20242487673966767663867895947781013867
22812148015738920228280673994315755781
17619890403269781873529336416146958691
2856268144244121623812533343757729371
26016432617942488748729448270966813427
15098210858493336497423865946015482509
70400386461837140087835965490514606397
2197562501062698309465184868528111616
3632641669278184123084551934162738450
17631891185747210804135711626275188143
77496719626080396157013141074976480892
52394302481528057141720379923189477860
72772989238710361246000258511383109747
6160927834029838251489653121368198307
11560702556036221048318117128283587381
23004647249882836217344139498385982369
75970655298682624235105871188156690572
35850480183038536975279864847943134724
6075640725327356993555712344111836184
22441244709865194586383082517528220699
8741142903458414592662856494440650121
30782136084118363249729682186142379147
11561507852395578147571504241699072710
17726016854924636398205683672231813521
39723192128605386636365537023287844530
5748875608312452645794244352604567226
26311397848775734013283144128903988763
614556996092167215644324045638356099
8721628975475264426738476661881870046
22470005183520178938223929462955438829
75118100694284254571797767036175516133
45207070264601712338622784485050187683
10017481032128405927857661318728517167
60129403697881929085585128702304416950
45233549157117356471248371950036935
61859343583096911069479123265519960657
1880213995848428282434391248634436914
51941024770136555012389024497070581403
25241096882301452384891706475140622008
57516100710111214044624777071143535155
13326090243064599454311035555992969039
16701875325295646548388201978414648394
2964592303232533539493944977159974009
50851672930487571976232807042013245465
760161861150517695174078836804365447
11256230886039492102658191309122286944
5514054786195573205608955377913259091
665494284382832967256066381791086683
25726726770703849011893891681517030960
18485268329449453831196635753945928559
31116383417227866226191799613303775713
2997445973249335633769276442245913423
62144846218357505522528319053128880829
28192843361812671185711928616048465757
76040299755072183700284347655752772667
3978679808698764961959547033121896599
21501692646304978860598443408509278967
122255114889905410124589030558948088
62500758425686056702883667167658994446
22288984157288161953168827008987771465
6575609543091146125586234390129359642
2962702487089057253983585704866098994
56005346246377521311473561798975395553
1606474831217635473635006424392331647
25967263616538221886625436033909290413
3257061969089731198709438281782582928
1043019501671970081022803921346514776
32560416590601533991702405461975488764
8896335097449743774830083046794461196
1574042524940059581785084089813949416
23015720634143681857239460131547628092
26902555596749143075201737929386864689
14669219361914521920796565343051638942
3137989678332286402405960660783040320
47613882569878162729608624350838310613
9346128172488116847156969222687053550
55300104153879982961866156767138286444
30891797251562446704386952223622802049
66455454926345100135096369480329678278
80863233308043212933259866944932170246
619836035303911214445097206896548719
6289792843901522525787568798027858729
57124334694966321821966667813471583222
104907038687591870714320461993030801
31066421820634740450027322475583441097
6251060638080458499854539012605575131
16957153862230930102503791021132554063
6710937395927989394357717057934749673
25211055808962830730998224324104403121
53665742383490493196397467318118731280
52922404813678050864477146650931559352
5832814227176130742436491324735786014
44864226796238349393447865861098046267
33780906409161650013210408029322859459
81691877377719203688644987308233195782
36608696458708360321037053648020661403
23879525999633252645971154246924682832
73435232440056005671036757496768956245
12505010049357979926804657364224012453
47888446442248198820014232209950858841
72435843465844478010451106889910849524
55826542109084661464704771999605356513
49072423056170985739119136183627467363
52222666608889971103683639909400331341
200443396704635412063357056085690554
777440567544313358757504882789515528
59405168748913012262312966395301548389
25644815435067422048525685354569498893
55729547067572897014467351319055541428
12103024749241633563126703701995519010
24110886082381302941828791612890330660
75199990345553822092746002291835581121
6243455457470081921348878394179592155
47814485598105369607884911413356257993
61561375677503093322593563494472929109
22258254260118755995473901328073519044
2176222906716515506707310073004301848
31214124754555725622823578857743850334
60638006622837200076583896573631029415
25121145816378281318851490472849099100
35248046930622825171843283283484219355
10897878220871563606468228898404595211
62825815492794935147150442954400879569
16793520192781215658013071974372168598
44280415325646574686870628262485351277
2462716055598467752823314407015916479
69905667911493073015086776523627747035
17151708794263024305713250591417628364
61291177787928501312555594879621500360
22472450601516285395010823173878938055
47340391078562987865082831818498934149
63377309305239766688432030972549826680
34151623623982592095414242138855726666
61527841134399269538929420706720725025
121283916314055176185021694812683606
81039288420674405763721918736661060657
38404963302571642817294295430692860449
7860919444198828007275191015350936718
33775972067225678819913749879996389187
56426622120711909389856530593649512969
1715129190484473166284595088018868776
37851058102099959531004337275121217390
22766424096022215444061661314510115201
18533570765942860501664342145519467053
9587619196199789982215912978067007987
24115944611621620967504565633068649347
4714540604380105769865202235883638700
20275279556136919966712593176406920462
47493862548530547013955835258264309274
11909590912065201835630494339706155163
71849956159787963097586472581706807427
13946127792029565938041366461625463085
31744954879559318773469508409620852114
42502560048367459642889871601256759784
73441232971703399054320784767315639732
8862355117097672635556377637286343851
77218765452148141434805421362925388832
19670058051508403866968586728260989374
19106952783691570315464370497223737491
65906416580678410553580930196461455777
2843267783526853017992169607179351406
31320281647870631138285555309846822123
36431176803136750827742609005978759680
17727177993328867171786655359155530401
62473195676359953353051680298328139388
8006559755189371447093838314355122248
61249439668967049841158653814906269749
7106709846469956095618979419490898671
6258799192190286788553500879056379639
48749702596584061276844239485588594821
69549347773921643342678423656177069970
153556549280786077874243134343767610
46218960176257562554520825052070566662
45110692242835291716413050309606909671
47796551628188908219148324398962763306
665858097550424010443922343363247629
54555122955471140591159920889912731843
6283509698234013435792851186221414416
15007050310747727529984899730047656230
7827254024661176672585211503977982595
2885121836905036276191109541189875320
3191391958738728530678410814364330819
70907466149452320391714586254566068004
8025711658915241021879503968833402598
25980900756426280471836916507659903262
27839227324334362552243447078242922645
36948432678599741328454195142601922092
11759354798605444175853547457573618423
17482281318136246969815624436037149878
642194873588416215383971567899420506
31117103935673455123866268188712777181
61455715352795514290039721004967522064
49235767418923531520679014035516897153
17371101311622221255071745474222992004
98781018305496598062958968768558928
11789233767666395915764487569749489595
943639132569210926127704160997999006
84377146556138278619872535421520739
6347389636683255310399132422268367401
89891167889440228078098288739668261793
8744642767249123213718078388233950619
11570280222896375287704657283397019593
7768880707484456922391321356753148963
26430980516884490639641443043033137858
45454056277342889460843775724771348088
22483076099957045974167911865151933269
31108542892248433683435250996535507838
57587934620583307405723114679821269381
17481572435546604043717967827163607997
45291999548864010436144658013522398232
33536246564784324408659968535935960479
49583282488582723573576179403747462842
19530907750956339984115778917082660858
10127773721641316232991632422708733903
26656833118709771193859843849545956389
11266089218334488068787933943996427430
18041385132294959313176188608401122858
814810431014116218787547993988562877
26334568160637306245663064335139800037
20915064751644519200208726680290709648
13342944810378325132416465980953105718
7293630358113822386923497073880544865
138112258578682605486107430234886920
39217915925840817610336942924791388728
52531577704424954202802054617525340141
105459662730294490062963581333408082
42570860443679851952150115133926469633
73954634980529102864365419182630437839
22479718274143881900786627031277824341
50341975501557076168096976171391545670
4823528838286615793866064101065637335
69550305966179210369172551554461026149
60116919128127061024291276117417863224
21350626287415558326302175741804531983
4552901185610272052004559206635626544
19511930593960830212925404361872728654
1809455391326709039618800167998557498
17283793604051605089973197216999561447
72928796336541853170719800360572671905
69584239538602229865057281905810254697
45478696527104805828729771018035338698
28209472402531285332868392714249620760
41787030891648997018160198386835069833
26091883417019184448553529017292794477
19014207084777725035496623676051603380
44681307956848292399366931808994479105
5574471160210448651969874363694387461
3441641717954742106338720933653926288
599246897944557916451982138175188454
47806340214545724393884189800997175347
12242579128595340332708186950365449624
36126884788572121519099620819974280085
23254767047102316299823018660571894
49591294110999956515818312017942842188
33193349173718219025400200745207512204
16782490324107882094205685322333183639
39130832443846594077852659772877415627
19513093639872059492840395063791120377
72340085332075188592185893040880626292
7165979348141509922562420216664519861
23451003640040840505542704221203836785
36232114437038635216655614641003418417
51462586169426673225290382239053521049
58714357806277726432901837827957293117
23078757201912135948875321239355925708
27273459995498926974848230976421018206
45274112496605876661554093273051416404
5990393345407874733839011996039041132
72369115845005448543927997137939077766
10246323681587903329607232793582592791
6243381255861993569496297463370491435
57757911073622393436248437772097013312
22439649535226400206658976724425258934
42836504903326761468404559800194151299
13333520652699437625023390738384573607
52051708360595921814730038627948128885
26500559812439438991336981023587532373
45947045808409225473129799603756648452
57684681726589772840054297360005936691
44687845514043804183214540393414365901
50669313256232296465289595458285230764
20845981449471730254346610617916906616
4647110493450790747092451896893799604
16988097030169150440666477533505605091
73811698842318374621988589227771587077
43682300404293923605020445066998974914
14703807805476828585304049886672282413
5183101454805427654798934238281565812
48000380748658430626756353135055425603
75194595717613767986931279154943394084
71429142518619046155968112638913462810
109895415889380877025858564267061344
66905219460994497634967120394251034198
135390403405514005120254792641628488
20929464420034475447157172133931877153
13656881107996316830487034063517616746
23022938120504932639648916757695465242
13235971751688920621325602127257216438
189236930354446344270515438505133157
16776157035686626092864499602296077398
398816412710056924622206221353642090
24204525120990178603865099691263981887
1145551383729046087852841116994791612
23685435491170397516655860487512531787
2978589203537140976470674603761549261
59297793093858087957296297213472504941
25637906420404331967241761306978435812
75118483515808077511309372764532109974
47996128444865397047937866062445099321
14111781221771359773883659375860242443
6540172652296947915221547548147600008
78994725290883011515715716861974364531
76723917928344059253662927393876871636
1541342732622248963502868019228629743
9615934287114834197596232748005711940
5317664804680040626069425885409297212
84567496497834310125902786761228610842
120470526964951271880907248588382857
44698829133007949705661982105538767371
12057499279077132383663456130223852155
62161982077585231030737597689987597107
1292708807916054600382389871389093259
40565708557707745357328121418644393239
12011715099063470009082169890076452223
4189812317705982772471582632686652177
22428720052668547633012644413105341894
36854813508895463953384168624111110484
22877335815919865439721574785817760179
24132721627820015611628675309489286054
17089945067811895636396076857217417542
7480301325076228076183709693420097963
2541791625810605598945881910855593377
18251725021376543396634917909317547336
17647225004883390989057930323553355090
84174193111958551772461995940984423170
35285495869713162411437447646175807908
61399222088174706102072308307777779789
16017375623955476760809707390282795606
25678620848035588874653801468683053154
38622295437222712739150286786643722573
58874407195413266613986594455476224238
11678189093140934144968728720954336970
3155077363251087475235737673070168263
58598374630398041886701465282267924723
28177569763560172310533559034368380941
80811764955943845862238116937590999876
1770299914745281610089667828505538962
63569219581714558197537873764024557074
39878687100247895121226133611129125390
52406019996651315074638538149858538232
35249018423589468687583568961779192217
72428385392837063260026497819420716150
44686499325632345033965696183822860495
74658132388385021273867462170161015575
5854371896529828628445065376880165777
50518502446736986873175015531708671952
58861023055740761863036329722955173326
23297081343222422209313133562273179672
62905294554551636148050190990966891133
102883118355268716933912358866275313
61715282213743140434829364107111446163
27474953977908783014151305745554357216
26932156695588543871053875689051430132
73767253612018672620907987994781617702
25548224659708346014384195385776330564
31134673533777070193293565501748323655
3104224481674216910889905381318417123
44617168642057082347980987604673543994
39547019923059646865209595541312236465
52858427698819370777363675149081613817
26792664222390122157627188648789370574
57187860703258584523730181412569470328
71664612186633644166903387058484026935
35878882351697064712066055093629844598
1055330069976394957905189437874324216
6161783161224209390742418437931143259
52023299508200835637385895762730862234
31298200052642433576165971650853792667
427291033682536368380390206102616607
25238695275577481628999586973202667238
507004777618392297033998951349483010
1359391015309857403730583512591296557
50610043528303479496188348084434801664
1057574826200658737853557643304672104
25400234329504809191118105972655228971
346587170447721809093578856190195705
26162034912584679053656646374477684157
3171471188602613038568288969142131791
42254086122870556674252005153084688290
1908706283230148312214918551195862061
18265041004885265263434028732660724828
45448753160993549457635745442863220222
1890820130826388202316149606346040034
34335380437352231242577540595853006
12785312252196003570041587450354551529
42671746104495801286544705766374050695
36915223049020494633210471173122066835
53255072015725417521683938832383881190
639219969947803716416326841449857508
835401921129564937428441160741256826
579423078096665515828383259214467566
77984254673963777180938149656912601644
24815076962877759703028686134691889475
27514191188422934929752142545599322763
1018090472208629006221317282342187306
10225929338146477565578977059554051560
39721310962253800521371667056485965643
1606924469043068016949198782570845222
7428504124719059236690453737558517326
5684066660819407986554766484933191883
57113323351147313809633480683597202696
5820875300173220027541238045965099171
18155180544574264950535697841039562932
2376415499865989584691965492854471218
28341072567966806948658408924701876192
5932127656325693831642543628533386713
8801236486679143197892914262878260958
49889104468897992068453604569581405517
11160020678455068042542172182060694342
42070531701637191735002185609997573403
61220997811814027295076770445638896091
8707750895176284924813344617290103314
44857346601277439358280434920444893932
36360900069352624669291521537825031764
22743387763913335283169435487015883611
46382200084953078672856128787669626993
47611320349845197950573006210167187770
84263290143368642610786063000715881969
37368148665421309790499229088161571165
25248751695164258465031390454866175914
53647323804821373947592256143548210712
22425215026401221531405865400456689435
649424196878003082693824794938955806
71470186083887872612798372145578483117
21373738812669336512773013113126737606
6282625392922305986124498286156320396
51393561448194416426307766640940845663
36844322729143216555541766641097524429
12761076206368091902601831961470161031
10501757358270048794301349740275070036
62315468373761046667745437888721324858
11977116112218712296959844870080696256
122986653180365081703994608397413772
28207257337248253303711331153594083239
11073936086602807263911331135239695883
41920442317526797002249610157108869683
44540578894678299776603516705982513440
26779185343054161325714779628197215568
47582912513576742253164034362687549526
77650796616513611659045424328137283386
47334642284375532429962207765741240533
181393448712629153251233612171900090
42005814253842792314738151359894317610
6740790088067078032622210343974774794
26817442082385254442285600431561840622
61232208373242877483598812528629202361
20941875854778682478428293318450201151
24241458278376561281074430554763619204
11817145943212992271736293736458511105
41765958884840095109425280685334937041
67590100138526170759346492166201919911
19658100093033587135572076983050277294
31000125308440605293474009043604074327
61967253405260306090971560773895622309
52322573410179696362678489829556377295
71082834717362672840133586223536590198
64658352104623559851257427646048823402
23037064876395030447173098771740864960
5990482610255885794944379626555765898
13417733848846270590584470446430738786
72814062242344059205456635022482642678
45128032039160326064593168258659228715
6366309499123027384035935262668345721
61587249513338547119021584492803748071
6079800124890979899611866640916673314
3589410446287587532410298849277267560
17639401991674322868736583417390473293
43648830811637434885202502355197704364
5663401979441498865609994841817593286
1710903720574454978865355096388520303
26813369979089904103966079011041604526
31399207052088909759407365333442863463
86606776149293022411443423417652452170
1866306523464785848326988231771857888
158569376779020807837709140512634404
11981481612487934624801456060438594649
16821792808463085105028842778965543146
61276228522036519651367800273875479797
51390673045631083025593534074053216083
25427476149008279964684002430430174653
46983242544081780611690316377345204585
26137695566317656885890090818579350807
16776717445904882075306644337581803383
34445962011769305447028176465550080954
7256264375939645156343815668784308210
18278887697032889937050388787760785557
48025557017968459510549854067034561162
53361978898250123284024600636762627194
61290804585022154517485690789367329864
53281811601352885016139915929797084044
3139228244765076074404879652129318543
75608424918070414425754582688903891613
159095581024453333632682820759229693
76562090347533335163658864168979934915
61738030433282975733532471543599803275
83634636797548647848182322166295954107
82120018445523121346333998123033336680
22468852294815529373446606590573946886
17140962893471286111760970104488426492
13033920049943085197712154037978389345
120269947622838529066150387156347150
16881532803228948105840559928022339520
27028374549227123359075860051830609729
42069213723308275379156318996455088193
62977134139601931685162251466822143518
16864797911871251956454983606616061065
80936938004281153490551918979107459880
47556301636685361608235886626409615310
12162548902525607577020415610714451020
10200714045127265011174110109915240224
25054659274503246459974192294719926626
697929020971666958244999390442772960
17077934020830868445605257922039566019
531400382157646561137609374606714473
94923428967028504174251667628480791
47643680266465617988248084863404025999
120495802715442960907122776900605317
74218652930796021889415821697412062421
319560062345968270671384825937795334
7113455960224606648311078813368655752
4736067839162595750931199907935145711
4565390006311376222228780520273293588
1068948860102126402970370376197883787
19530754294546603660100714968779819520
539174284472342103157985780447631925
6256312734779804060212202544184292237
1729585015378881546811219864824276074
29325912104161615990190398260071180994
25726493546255192457624043721018620918
28432627795385539519547240320291488793
75555418721313501016772655443863718763
19654719862870261266795478229473422819
31490213676238375768086541352961772468
84171238926427848864132299519333542932
26022912246836554342293133710466250919
16865623873579611251926391910839741728
36255232860286806902112817179183246407
8731658932297992129725464588938416496
81029354093841581415898382283063601173
49579558341613878894403608418583817457
53129293965402936660884529864016812877
17846240309494442734462905969319821580
69978202709716894102370013194430026043
20528170336465861108848903298934340468
55655508686211849016290881637352705364
23183953974361861969005068749446917658
1530779348982869287780982024924405979
26073906307356859916880109050634130185
49585539128403216725618655473717035837
39168296271208709376503856573840638055
53643047086325414944452474391070892995
22470124684824838682887625776545393097
3119563516046631366686964329654533858
11653709783345476081723598565847609086
60229256340799140105793615806718276129
1017073634125121723858448972395516572
69560874248963897380855406261252131213
49596716958424000668763324565745945325
36911999525514676707196688760280493511
1096155891169317120216849917545992538
35002142965924112918516619037077024602
61464542531852635012033697001655203060
138660375733547499572624463238898483
12027461697880641805773566307812919875
23028988794317927117544929227340143818
7294813675585200058907976283166262036
12993157979510853088284635244609224499
25313400404098939112147850676713480456
81179676995495488028055547324216690011
2246739658613022228181224161390623944
25972119359103651292102727015864368955
28849336939838782827088950500322802527
39283182624965577125537295202087123707
5833677963465617905378277891241929185
30792779671061289036027655242797415738
73751114371533175960561995262734278779
44683754937665905222245183674986818276
22461693103752313399880968080155187547
61971304715860723367759217794258294188
58779381932887172518638986542777278867
731285475026682289961260908624944815
38277385842059576387426499734683021156
7285525047083024504162040821524978970
25394722712944351173320795426941333457
10249568186342344116628092564506983215
20298966843471509979352078015635082923
38867113075184980158837137138673590679
263826032894933236380510911315137557
30695421188677802325742416042052302299
8960632388175717950178845925066050773
7441426752809505586241696457983772525
483115627176224979795325650049759519
2197533183865953879272774289129508359
62302446290490489880046425934991201354
6192305455831688348606307022174045329
62573130676327768817918822856623233679
32549609702797187579116670649948010577
12113602024561755335178523120853050002
50178310004457114584825553606274273377
48865664100354613169834966140174569444
37854196697782567114651238740664720743
25651490352669213066191857632989882913
6507687199037392692814994044809127513
8350728818539338981872099225089915484
11633530128835642979628494775684738832
7081809662308894884551144173260062857
17540102592325670360530848234930941399
65847695832218909480049097762751032713
26579418490035725822305432401162000561
6428201245295232000126188716757555533
25936611925043559373670916379540614096
143130757881942372459456237909286760
25883601440115465338147665415602667121
30785041781460235996656143988225215414
62218999868144467093301062141442621655
130757011285165001417623417956809043
62741737447968296758089928987046042285
19484919118248290601796043781871004302
58736053426695611258469364564320265711
37444124901737320403567825589757235714
70272292438031259242490727677317819781
155054628956239625336490010904204154
848916818292629818348678015719745596
25165857549553976975739505142475567378
75379035787821787867113812468613677538
9479689833974689647343810132489558416
53653003129268314484613901020016873833
36658784849620911136080295208853721773
70348813468820110313496129520741329459
1763789668245754700128844375397829781
9845567304708963082536082842164322389
55650737583291179867600948518417134084
68157240379598293407847485231864871875
13928760448772101626160974570800646807
62375294689320104562240424800129653340
53052124198029599267072688307394750859
22451620434456903283375132601034742650
36386524986895060453041362859872892258
549228113764739499345591480105411783
36333386942675731045103477213529075618
2822108326232329284343061072143283769
47931872891701979840167194079273995769
23060800583329448611117212051112852200
64917787929428710476649438451622172089
12741562525028149958124901925688294238
2366169472106190597101485987119377133
643252063157340757518069600942517509
6501950025256847344035496772228817538
7355280694292586396430593395478493866
19676977226283161374028528565520339801
69631386882751598515208663936529105716
13928408237961736719674781286873924045
38618575370256817003061698450182203007
18390595154612881796242186585940298393
63208831365278393470142342600391118474
42582584259967617658228891158195350466
75796449332950954625561190434795118831
11444541754890760732906724301955061438
6164189053381597941610295262932170509
33990592764777701725246008748014376009
55855016590402791014670590477116626606
22845879291299980613281356260423209745
25558981604557412750770515630181866692
73687488754751351918169159930597096586
75463946201850325994311611874267972054
3714837602680823412664071358813128271
17435598277344821116242772444942035612
769470313979269863778113062917764616
403056719911037372327551812910739223
18911171554586354309447477738652785789
23297472281487788614064202116583271061
19664653690315839206147489227745634350
3191540934314576824816752962711866214
26467841857155143106098421053956180853
63740084375184634329723417523164200530
62345409467094440775633494393943453670
82888879694305818500802158741853569112
22705533794775034614565224057997360314
90882316323436642097711910384824026106
1591937024339903379421319721071727128
25425777110390123062037370847952101974
76986311903686471269157041888488400251
43669440505224516032680465992171299890
13156387982608354422689968714657063769
1693022654101229088883062320847901029
80735735092428269666346306522416025864
85069174089320075495864922574752398705
53617320230440336254228338140294558814
1348791439444770076450276129920132788
26856540042004130369706716022500221880
40688797943247961872154603947497124181
19830160912951909255433056876694419509
4283919119114036672442172623433901315
25053729368673188240240123474010265806
3624873034578367550496149514728669027
25400510945398091455208848406715952536
39764051166452918955541434181359207156
17988882476147684816973815404988666769
6113481958474734575679963035098076270
47590759709277491487557378345392527615
8924331078454654964962348569550681857
53195094454970315027941741503083657085
22320028311485632591883227744697911465
46021131093601152863300270761250067534
699456166845186639578688309748342593
37643490485293920426134253784418552344
55981117320111097038479042033513006395
17876809863012708857597489742617126460
12990012526855820648010527790203404767
44558705888565235949419174282803217945
1875176074068382719067261981479772479
5840065817617984889502392080622038942
6153835765331280897011589355056257724
53250120913268992540180623737593518321
23121384155255456373691647008001649587
55678735800884591538588603383649530931
42656510677255086056614516278076160735
7420386007194939033496181724995921206
57111767725072763780859372095663630082
12062304788508082125178929993123499689
61893257142920338005178489498447909449
18126168570355946657626077827039250880
33720325624343541002784717120739556209
102227215573071632706039741138960808
61225321836139758354865865202661246299
23320149844979354562897120439072400706
25461872010963807889284311640168986136
2823610713833937780372841120844853357
10918963708156752007203387645645136765
116751633091409193843446813321278424
35574805807162618762384024090454303675
11141813320167716526266846265662407919
39722562301804842079239268808041913395
45297491670597757424345135909776260101
44873480718023840817807054335688648459
33747728358419618658532337471710210035
82417023530713581308304735929166990213
6083020248246774527849094125200128691
76146002343040789101550257409544894177
61566851572739273884906817099202629602
32087209746226463634033353930977067010
19517819441984945611818656885385070623
17619330175822125504682161994103500509
17386950267882737279555136840621272786
64524307856949148563487287773133089343
42245649214688400862066372405288696005
37772144638878767327348827594525196772
22700296226956445926091760159097086771
14101196003183451414294434341003834901
17368022383595867771091468081435101431
16845653258270737581072372442929368193
701087563929364689621118911775092313
30738391809463760645546263740452828745
1760212708805105232872518897481264820
25461108497430030916369683282314465956
12980143684697040554733560155517325485
18056166935605631776829631060478362349
58449793124036023574034098136064453182
6307234479461148979887222612582243489
17505259054597206395983436515793840933
18487718267484207199510117594740843423
74189869924962970430292710704039622314
74017238001020425933920649334355722755
84576858020106537014844793466130035746
868150795563062915439622142731174808
4568388353318196504452553235045216568
13910519384051481360909472441691376907
534532973368873691278997151824416550
25481973864943294417467714123289374045
77949390575607559099468445023554447935
8537551023264033525004057002375900731
74653589923293934196207679007665445089
85540408780257446405430118524986837
31166475789292229151668521970795052411
55640979963107214773417684749599905539
722663552740257569200913169665240731
56401448069863844955576369451582387010
42323680781947837262179095313111456037
68588214729515717540689912724462557125
58832813409314701580488876345602935202
25719329107697742087299515787233631244
89963032834903873161969515964044976543
55060520825952222228273509550644909384
120260823170025745909639708355607071
31290514722813355988365760657038692155
69564345292269890470627654393655802812
39712965868387363515690071441302851521
42264355524997019717900522576174102304
19547596752534169523285426118785191163
21890136825065246121099452458245093083
2115652954390858507441998313736904684
74083676179019928293716737955643774451
4986426666724527040331283503687263035
4130729968056797718475698754313807907
19795247495248533334119455562923983731
61418961172505110222306593007359855698
42319625154788491915446453702713233406
15411888817530235290540446428268515586
43922179480818695560155676712106912382
24419236003032511205894996171341404954
75224126435660550213641372031563136519
1401883554808766755193476691570736304
23458377920464610947472628542281071905
27208192248723376839175531910370773338
56156292750890509070318082092779689968
8519535979103519722403274741792589680
30701275251527068085763201557160835567
2792667209912583286106836522387519367
1106142973542336127328794807642607364
6190651263994897770332311010988274128
22499534496080787329630101983318411175
47388013341057057321352145982058178437
2859202409407777065000401981680021526
81468746131831596134838225299112170682
90049829166318803767157603775546355572
601964770269450066285868583563315269
89283431383659377148424258286934340645
39036033584959118426149868720433727101
58869272737393133784821919248464221523
64246706583616235010282551388885362385
4973866966150270083571313221158100494
48135477621549727779840287141562551395
56209549924645992093029705220020085165
59206861735451328229337575251472213959
25371731070177819195788184832008610819
31108971275740152236610419304898857110
44730613757454645446818105252830385745
47483326237353789834687335497112018718
49406317941194678167543639449157559570
56411180137130539506557603780738924780
71004001877957147993624847933513735749
54399040210018059097627547419830116968
57106009003191530095209352203582728375
5568033534877129853363834086594751845
26143505958264128888234722214454129630
2553008058652947452467633126265860614
22490015437893431931622807323294206568
77325934055986652189483218045993869528
54398875509944581607028615013746430511
324664155980499707951232363125405946
5249568941630725207714700443707724246
118837481790208541778849123726243312
19504076571609062272765276953957833104
50126439120010616208175577096460850108
3652484222648019568271115909778055425
49782290128998047603034980204209953856
3131296861159399783256662330114564095
79484999315828979272521437586180228018
61336249456631962490878288037747209736
42252047988457131299046421196901945592
67528573655451550311208017683122540680
3768833304502477312760960705525389760
1353892109645059007571612491265078120
27266787213236613222738633522099056949
14174512612179859610279430234757466613
22648967426942859194464323937548864601
1390196241223731665788851826955399696
1773168092304167908579458511606293135
6599847871456278704168877376042255114
57116941859782228443501291813352360099
53621837233588284914153880754910934103
6252461067164968838532721157554435941
33660110433996971436842965358456517008
102279331933682043565393057872733947
3484351415637654280573595800642247434
17141345359254212496999899669318641469
14597725011828543417581399975803408809
80693254922940275174097312388924124396
7369135814776545280657496189515521804
7083351386349793364715261099348438690
30685414299807724303224992295133382271
1691168949375900850313289966543962958
82709560060971195529090787281699415553
158552985978114893658983086600204062
25415127763007267648769925780143986322
14888838699176590185661480529179685373
2289716224412294220961309115749751907
26572429055186219460855028176083114699
42701301062754770660573184758957110058
20304880376578400095116134860979597121
71826110157683823044729621914425918186
5576809454947818070560500504540335086
62887756957003016019062607378588258754
18268201590240881591381234851355209595
37019068598280888910386139209556944477
47971685975127447869101836863093678625
22475269166701514258548935398002205213
1027981080432328595588324196507471300
5930334269008005295859183475253727724
25481844785631170849128785855039035907
89464205739749139545875403288348158571
25391813011504283157287827564487448001
22470352675799662970562346094383392234
3552478559769957097558016209845814407
22435118317501618323407534418915078721
23364214569454973741382582592562443560
4051850334631580648053387891090268640
15012823476777558275687755064460320001
258939728825520655831780029833838894
77303349103584982033024906461404423757
11994039537523115637941344264273241748
16696749280439782512894815733217318152
26607745861016263624635462630450413573
16867578258010027620799195639532684889
47515222319836992957795862934936874683
69907975173642166846430106357024291734
12502486528365196481469687310105029825
49423712405649134792544114576052008597
12657631461747060040563889323078507995
44197038077948089866690113181203191803
69940033796542108610739934636694072567
19665746232445010992623785300738489058
6502087591120886666435946318955538212
61826829508575806429636259255201743478
21366112549750929421660302498457011386
48679026984146072329870881243306114561
61285215482820782136203467682150515529
8868803506925561064871053837105345435
20242157414283783779844759941433171038
69969894740027967873878054898506832236
75790855237384427737197751412512610814
5944986591763687418700158663263375060
23023831812553813727648370439443520361
2393744463671213147689189901873632237
23026905146909684034142737210518401294
29673455902714386614945711552551963337
11223279902744127937205641900848329008
22847089777866684101670804309439268761
3181100408519990071647403348994847330
53652424166114124220466698874874198605
13052569593320264114722069131460946454
8739084689338734160062643285760749427
39292576504297303369055990985408027881
58465970749178425653294921034390043622
45660826717030052064973012994226170960
25552220420647733003916965235129614250
85351247985710368525850820402195948096
25546996092861910731204813327294875466
61970825407168811100872970129462053772
22506753371173025613565494833492440846
8884104731026783832598870405360165261
61581773358737736695857883761632395664
22255256694753083738546618289445906051
9172684480860099108876565440834111905
6835032239436257812330371889262533350
1446676131234983350724798921368724888
36672622126399745726968065670937434779
73598500938268807851213281693436313319
36128669101766545391484224571494350638
8809025182480839286857215528668846213
9863268089873719879215504771890298066
25063410221127740030344604840678632999
39385417214237073663575541444788799321
18134609202551172050863304241441157632
5064586636080547089213293740760899870
26915332276294481225115002932619246968
61204540003948481598350779682117635211
53328536295192963994441627916766613583
47905593432132633155917810270152398378
7439251189831829724511794319798891065
19833576683778634779155641400690446518
22804226180794065213553705458001286062
11386676408931007816562972872014326030
32900188971440105466863762679944316393
83624575797718757756092203930038182074
40812259081168477146824526047334916722
8563425745557356277617021642212037919
103364540713905138320130766592087687
53715263040476446238886094126359927632
31959484366520990246308248661454878419
89105468038359459838982039632267367300
7762309469756035458993536065005463916
10042328009153123682279109047196590139
11989012648188574697720467511929272915
8727424185687632210002138790567581514
18961390600483774225225715871714210462
27511601237479087987237839695537755056
12504635144790388545377999819934767237
591793731621193163559945091914452919
70307012022126635413088172534442913159
55830416396474193302851988496511208593
34866609129394032219347936395736924143
72353868867411981709437893528891892061
2072886073383348654771182692576560912
36433577131370678580922805120946402292
118518005500171660878455775610752346
12999410481346817060775061956650684891
13521751309247345666146421176624471423
30784416821004654623294822921418586458
1018924709647879717441219685924780520
73100648772562235444472413370844239484
1300272308279060928323202169155376097
14696395623051900557694082343978013156
643512465344424371821673533266139076
23694321039525768279689021528034839572
37061992078194665308936535194242517477
1225144639113370388823022773755099990
25241137489237434088868369039204018147
15361708037832739163434360673382111297
14684454552204755192212568885372944266
78995562375660624024779345122517675744
37135625591634203345538708054987233523
50928310314768304519115283357714879099
19671699035195508368135044631253386030
1571764953330325892018328159653613119
12851790253675115091279555318478169643
889989538608215256451875823535229037
22447208687969314545257815113462754479
16967441849220753422884409188103379366
864177962347991132057081298657673761
21339326026333811537226001578548384417
73465552560248669280763495604878465994
2728288780600739278640176526916178211
23405070246658739888547385044987169252
38614339190127957537100188482731271187
2820225722706210358693867346930422329
55655042272491421795873601701921705261
11539782555384654862634521367633528634
1778419018710263479978595914342100309
20237463901965210475272469874426352559
37244251774911139507676674807161878896
50469371333213862302424466655709661741
67534135828205718822343099094447291175
29287483235810601196363276417089601793
76860677136829523150783757346135202815
21821138697454037789765693358704607991
14773440889692291452501967030828526764
10312769935711798913420487069108201871
51727562836070073615570235495135508511
55712429874800126415295166495950212320
19837275878530075709285239819085531822
22682749111181121392876147371069933126
3156052430903132213994686558145197343
47820525232068055518774544449683622325
11381282824430265094162167274621286153
42325752765811331845140827510369979125
13935564980887506503977448840255584730
19033931166825530982704319556476351873
21097826669136956439087139884118259550
61290539346688634101602256483150002704
345325809680060700869174553013169826
7677157671546755369743581946729776318
24817040030030615216884053306062195409
2233653732192232857120067621387637282
61470309657570452877897986670022805537
75818733711539010897927978418592690444
14643982409307150351460966164752288165
10655704835711189795664235950618952188
22344366242987870867118993343060816033
22447215593776544782873427060221547889
79757747515566289628959260530170056541
53959557525834800550457345938390117768
1301036804571770162134514659843045894
16789752245300028516129327355300378314
81772993858782867794156690871339027895
66859772221897842572364537919867347983
1625995462650068749953139043220547355
29594559117545845471656883447915233151
13138179004116477074551899501207519774
7082346699393705715541233053265214378
3142223105563687570023867809365193008
158393475883645016919808600455841176
112328954257451415065307624184329675
15099754383442046763025655721004315904
14622061523982961851620944723915295449
50474790508183242477241081814462842077
48457294083941037456807289243634453901
1816649505983472406735148233386779525
50980372775935310570777376986372018349
24700886116629444462855731124677849403
28179446154561125112122307045434909609
23361349901954111222227634539914666256
22474912614733195681483231726433154239
55667841044115869631577690785733904187
50125188770755443015246513686231717938
22280622255724596433444873143341326174
6334140587408118061859306647115431286
23024291537732814518765796595573629736
8733657885810509184448145469553053454
15379447989739539476703211688012441613
8870007365904789292561514560661583535
9076630795338802231984859187978936149
76712437321463465297226243418331929328
877994241997430868227836126161004506
23386566536439202277958733294250288156
16912218215628288355866427124089910918
50130437649809386381598840186782184914
1009222790804130286147850177952087192
83818721284325882156248102687232187028
25388455872744675307666580298871028104
20252129608045376485438993432911407715
61322448279379273916494114182475483607
1097663157768437499499610247226093944
9140175177222156830087062342776924110
3142924176257521848571243341133610371
13174375720718539805207907834172779714
3122555562759875763034035450121216900
1349903778647327258635901540591039484
26835342345394314110697323808340053890
55995505036363545502710676656746936261
78352123160044864416014357500041001297
1329705159360552341262131648329784476
1890673061916195390997494265195993056
60636609794536457650642019437133365435
69559884428432322243373205162499607278
33401223164658846090524729991782915164
7266360224053163219842223439353568746
61808250038269942108920416894686505180
25057217910671724039591843775173522193
8440629997262351205360144596553372225
47853539709239220572664536985417695187
20272916522395373207616475540474352331
11398545616669133917166858528769846817
56250502077623315727422932944429902865
34789500742998790557274201102523944096
17792802244526964518631583159236132405
23948285484420515799064465536820563210
34916332441047645298668224913554127912
102341040498734891098537281613535292
15608197481388321512399713947702452612
61215141692859980657207528996649741243
42088374723212491966821561429403588337
36792606755991686374371853060559154976
19539420120942789987317059592150888173
9114925218612786897074560625353120325
55977455203657692633068744937025127820
2246745274694729916435497897266671498
9148391442728622810411643274060106960
112624597013552178911689254210867648
17288318717603434463944237672856282078
6074781128730241192001137224222213658
31137008888684947300252152502475520050
26150855161971710912072878116424692975
36362599343578572667537094714435033387
75809730937402347262641332212874718366
61213987714142156369653826636126069172
33747037547420610801971266325904261767
2368049285840528287224218149723831454
1071236588445471102167483197375296552
18231501211547171869172033123247136167
11752975103751585457889114410898585547
28596595284758647467763688477355104048
22793121817811094909151683504747311933
5994434863629355196678827288462581154
85270144805627638772271568797473028882
12481557023798195486266477238608762472
12105966520546290213655337897224980001
56022930881812046385714127478333903247
1856506978777720675173693917280449829
9027334750631554917412335334574211761
2796719609700960839737613056057090780
110000978515195845113006223817318516
2198905397326523842891003803095202623
1267189171436387941173424045447937505
81464879664733185999561219185580742152
52865757551566820353992420933572103609
42687788496361343210646524024365731905
28077488374519924242602625401543092041
13713418146001984055954633263302075444
34738489108635389962390299142528005870
36261721003961649646963887896900144091
9959567792586111845485146337969419307
22784061226420209365682855243357675590
9117738249645406494534135351776637117
19654944383035863410435931471176908310
38047919312692505469330312705341981577
23073141785869673554788253602361978632
18415440934065056155620160979017452101
13265556143057618283660166758062483949
6280525107781757652266914584271687141
13159139620819896271955867575186554651
463704194103130547858779709782576041
12506873459232151048343357714774955744
16271577245853200561825562612164833347
387109752921256496356769351235151647
54209387113492692504348314264301768980
1405369330966115412762429596263815568
26428991192000186661313468296815580102
55873723698299038046313636648682886127
12087958173493944178982824792805017473
844460771794093405554515668833602559
34483806836850729328311041912163655338
6089961410323395310224844554523800396
56926059849808663173023938536611571005
11235427699340520229729891990846251242
38432990107203959114421519132624134330
62930038788961790040482879854863109329
70521097727724481834495163405041333474
22469535812920708347904839874100708616
12100911462633317736201699568508350453
2221124598587112413316737807133014193
45345062494362935794589853412344099216
2952175172402795180579786046564720760
25391822733944595457920828733967239212
48473196356329915187646054529574250731
34152100587202175471293045544545787625
25895109750163129630556550494596283139
927751452142499195617861267806286616
14271210545185557819051456700166790234
7113711874983778963742498963989879667
11395879082133967310752115182046999205
22617906417058645621489717602791198628
8566510444032085981541875219236309303
1550947335357998070940186137780856271
50247698182868062994871935351172001150
11227285046312241120207666366307802551
138373832885758464447144038203738697
1109986790124710664574914658324563406
48978540663039450778567822225537706783
881723170696357969660563393179451587
47748596043200965113604172435309318459
50425938361228438000907005990940697784
25521555639543994011279130818779694722
49171396369289884089346935767726984150
59604728696872164882589789028280202525
42668876881833178447676657754625613785
47867122481662825074978106835011683507
2312600993431144019125376870552364568
63740280915490417514112167487540533271
64410674627361241867254088344520449649
36210687598502346777733113638303527167
6008278355802479682750465262546048261
81284263946287912401590869767724678328
17480834005651298708564489789980369582
1185377426847250270191125059862653360
18421514989426186331923732564193375534
25382737183421160227260120520298263638
8767292628722936974700120089682611451
8765688758147776061272687555136749583
6514031356106614510840147631635643544
31701653862855538052889542074924102573
19110326044288985914895519468985551943
12315759667079937294819823325495911878
36359119754212977291875423951199392803
37080031654820835732067954673157361091
61471923171689942595751220489797793613
75955097188930081793936939015769651024
21200806172043916181825546100517238423
2581573771405383379117646334480159597
6640632503383083802052496601302485177
20165287063138738143754144546617859613
9035438044810192667926926067878900141
61581938398391451751115629550071044918
75632933506486077241245658329818251812
54322598074466715902155636465371651380
12055259432378850060823539771734191955
6302662565259888885502958592886292342
2550142407293851509414999216339459466
12492847808628745325861388937374129924
13947081384797741020638250927405918076
1292931243540090624713796064249743269
42290093034606251116694090571461621902
23759216000699554985577946220477142718
75959588111076533938963233381376902611
42581273915583154046595911475065675305
61552497088551307742647807518963542996
33401740327731531766302710888090691367
36866687083527634958920283843389807054
1709585908333327526219370285342797442
5658691425085583772478598398351130617
30960830812463938822516801838834799530
47990780498574440291092685277197269271
17535681029793298753834399053264146703
61222015766331132676550016852910780075
11655604319115567083616298182301901310
83848026181476191421781600084420886538
29360818573261775729678254417043943578
58724020811005073469323959420079847399
4174201315620420686127277265921011416
39712979975627947122662332141754839455
21856722412271551851633391274051868174
34735675551856755058633211170809506269
84229858592629342230549836380077785658
22677914035216717622529846464426674316
48281194035276070399125691548583578183
31370203905803133299074213957665329707
67104792194086901586082129710097440895
51537159854019162707292016480835529381
22698296079494668161894915465410477187
11559527738282731147198376156693112590
84219866037100974397199548880191897831
25726688609797440549539670690484586124
48479418342771976512239134974227615054
31187973973196895003675244770274661002
807397270984449878366536664144002721
23064938458281815720746210244007121621
64067903534490640252954018382456928611
1963562915828940846300621720468904329
50526488689561460096118047614534213647
3809000624545514339094010427858505666
23785707481590052960560749923181938963
81141751795443666869655536738059645139
15099754383441147678852362213911777774
1535289310018561899037871630789056065
72329733920486075493975813660838006910
5659706086168806616698578075957900403
17051441126465416394194183609955970650
1626525766388829350156061144596207516
56270687745661408277567835232886177398
19391811665658445395894269454536184065
26065090811219597835576974311932847567
11968291413130831183708356989471023708
36506976932066680655791556163758010620
36542231333931575527620004549688420536
23745252749293712527551353880739827825
16742477066649641568557832159435998472
6514014935965939169020855681788560104
10464808284280732193527602539823780087
6705964666951382074090061067925508955
56273190650436904844637326131867982679
59190436429466218454374348193738285923
32286629247375876252492663359138020290
34504375879893060499723443304806750852
69723390405578993348316801009156976134
22607450018567371098149413019210255106
4805834957723024766931343839108551043
81693034073672075023529502456609948823
36925540142041347425424978071751503506
61310724782002504217502379910563897736
23532200569174903403805522513339092468
25761205294444152481209182998289867340
61589517108399720792663053056633228443
78904512418558786514240635039301356482
13110878475186039208347423814538472793
3371087495694557828667245733110319
9127709820971044323031865031938386638
70353650819534070576198487053215867418
43413908124453396915093450931598477220
124328679291659194068630954032426639
2222830319898809590316073513362291050
12788706530031389415493478808060615128
14594304571805075406549932553394382373
42241997340829894539768469865659516802
101821952226634600878729661862040457
69685806912320471062720409277557746791
35163297056956486126392620392760270456
22700897221689133417994806013504373212
2198857558565653732142268988034609283
34160003087616998869784726466433004912
18167934225336805152435911165012261011
36233131174458989904103464632487391818
3543273644525859330899162343646318480
31713960437347318226358635560149818229
47787323494754187962008921698501085247
16780776478433013136909981407579500910
10210992968889576572507213938976407469
58214931072880298432615656267395833190
58520525711416677312044844486305531627
25375133304484425461261794482210860781
33765615613922088444419946294845215808
15621414517408253823685284115627432769
26736099214364375213247978299842017719
1288366968104942119856192712488473507
85196822402373651234575058126950563003
84094493267923693147841402424042413960
83826239887397411935388409749074919448
1122773380723046443328227696319130419
23025103623437317483667815912155136193
4550811440519144485920029525793167723
2968373680366545465697330995259566173
6514240148583733074884218155297425951
56148558296696478367078842092180321863
27518292348146391020956231604715477786
49235757679723151078381907594019424821
